#include <Adafruit_GFX.h>
#include <Adafruit_SSD1306.h>

#define SCREEN_I2C_ADDR 0x3D // or 0x3C
#define SCREEN_WIDTH 128     // OLED display width, in pixels
#define SCREEN_HEIGHT 64     // OLED display height, in pixels
#define OLED_RST_PIN -1      // Reset pin (-1 if not available)

Adafruit_SSD1306 display(128, 64, &Wire, OLED_RST_PIN);

// OLED Animation: volume 2
// Code auto-generated by https://wokwi.com/animator, graphics by icons8.com

#define FRAME_DELAY (42)
#define FRAME_WIDTH (64)
#define FRAME_HEIGHT (64)
#define FRAME_COUNT (sizeof(frames) / sizeof(frames[0]))
const byte PROGMEM frames[][512] = {
  {0,0,0,0,0,0,0,0,0,0,0,0,0,0,0,0,0,0,0,0,0,0,0,0,0,0,0,0,0,0,0,0,0,0,0,7,0,0,0,0,0,0,0,15,192,0,0,0,0,0,0,29,192,0,0,0,0,0,0,56,192,0,0,0,0,0,0,112,192,0,0,0,0,0,0,224,192,0,224,0,0,0,1,192,192,0,240,0,0,0,3,128,192,0,124,0,0,0,7,0,192,0,30,0,0,0,14,0,192,0,15,0,0,0,60,0,192,0,3,128,0,0,120,0,192,0,1,192,0,0,240,0,192,12,0,192,0,1,224,0,192,15,0,224,0,3,192,0,192,7,128,112,0,7,128,0,192,3,192,56,15,255,0,0,192,0,224,56,127,254,0,0,192,0,112,28,255,252,0,0,192,0,48,28,224,56,0,0,192,0,56,14,224,56,0,0,195,192,24,14,224,56,0,0,195,224,28,6,224,56,0,0,192,240,12,6,224,56,0,0,192,56,12,7,224,56,0,0,192,24,14,7,224,56,0,0,192,28,14,7,224,56,0,0,192,28,14,7,224,56,0,0,192,28,14,7,224,56,0,0,192,12,6,3,224,56,0,0,192,28,14,7,224,56,0,0,192,28,14,7,224,56,0,0,192,24,14,7,224,56,0,0,192,56,12,7,224,56,0,0,192,240,12,6,224,56,0,0,195,224,28,6,224,56,0,0,195,192,24,14,224,56,0,0,192,0,56,12,255,252,0,0,192,0,112,28,127,254,0,0,192,0,112,28,15,255,0,0,192,0,224,24,0,3,128,0,192,3,192,56,0,1,192,0,192,7,128,112,0,0,224,0,192,15,0,224,0,0,112,0,192,12,1,224,0,0,56,0,192,0,1,192,0,0,28,0,192,0,3,128,0,0,14,0,192,0,15,0,0,0,7,0,192,0,30,0,0,0,3,128,192,0,124,0,0,0,1,192,192,0,240,0,0,0,0,224,192,0,224,0,0,0,0,112,192,0,0,0,0,0,0,56,192,0,0,0,0,0,0,29,192,0,0,0,0,0,0,15,192,0,0,0,0,0,0,7,128,0,0,0,0,0,0,0,0,0,0,0,0,0,0,0,0,0,0,0,0,0,0,0,0,0,0,0,0,0,0,0,0,0,0,0},
  {0,0,0,0,0,0,0,0,0,0,0,0,0,0,0,0,0,0,0,0,0,0,0,0,0,0,0,0,0,0,0,0,0,0,0,7,0,0,0,0,0,0,0,15,192,0,0,0,0,0,0,29,192,0,0,0,0,0,0,56,192,0,0,0,0,0,0,112,192,0,0,0,0,0,0,224,192,0,224,0,0,0,1,192,192,0,240,0,0,0,3,128,192,0,124,0,0,0,7,0,192,0,30,0,0,0,14,0,192,0,15,0,0,0,60,0,192,0,3,128,0,0,120,0,192,0,1,192,0,0,240,0,192,12,0,192,0,1,224,0,192,15,0,224,0,3,192,0,192,7,128,112,0,7,128,0,192,3,192,56,15,255,0,0,192,0,224,56,127,254,0,0,192,0,112,28,255,252,0,0,192,0,48,28,224,56,0,0,192,0,56,14,224,56,0,0,195,192,24,14,224,56,0,0,195,224,28,6,224,56,0,0,192,240,12,6,224,56,0,0,192,56,12,7,224,56,0,0,192,24,14,7,224,56,0,0,192,28,14,7,224,56,0,0,192,28,14,7,224,56,0,0,192,28,14,7,224,56,0,0,192,12,6,3,224,56,0,0,192,28,14,7,224,56,0,0,192,28,14,7,224,56,0,0,192,24,14,7,224,56,0,0,192,56,12,7,224,56,0,0,192,240,12,6,224,56,0,0,195,224,28,6,224,56,0,0,195,192,24,14,224,56,0,0,192,0,56,12,255,252,0,0,192,0,112,28,127,254,0,0,192,0,112,28,15,255,0,0,192,0,224,24,0,3,128,0,192,3,192,56,0,1,192,0,192,7,128,112,0,0,224,0,192,15,0,224,0,0,112,0,192,12,1,224,0,0,56,0,192,0,1,192,0,0,28,0,192,0,3,128,0,0,14,0,192,0,15,0,0,0,7,0,192,0,30,0,0,0,3,128,192,0,124,0,0,0,1,192,192,0,240,0,0,0,0,224,192,0,224,0,0,0,0,112,192,0,0,0,0,0,0,56,192,0,0,0,0,0,0,29,192,0,0,0,0,0,0,15,192,0,0,0,0,0,0,7,128,0,0,0,0,0,0,0,0,0,0,0,0,0,0,0,0,0,0,0,0,0,0,0,0,0,0,0,0,0,0,0,0,0,0,0},
  {0,0,0,0,0,0,0,0,0,0,0,0,0,0,0,0,0,0,0,0,0,0,0,0,0,0,0,0,0,0,0,0,0,0,0,7,0,0,0,0,0,0,0,15,192,0,0,0,0,0,0,29,192,0,0,0,0,0,0,56,192,0,0,0,0,0,0,112,192,0,0,0,0,0,0,224,192,0,224,0,0,0,1,192,192,0,240,0,0,0,3,128,192,0,124,0,0,0,7,0,192,0,30,0,0,0,14,0,192,0,15,0,0,0,60,0,192,0,3,128,0,0,120,0,192,0,1,192,0,0,240,0,192,12,0,192,0,1,224,0,192,15,0,224,0,3,192,0,192,7,128,112,0,7,128,0,192,3,192,56,15,255,0,0,192,0,224,56,127,254,0,0,192,0,112,28,255,252,0,0,192,0,48,28,224,56,0,0,192,0,56,14,224,56,0,0,195,192,24,14,224,56,0,0,195,224,28,6,224,56,0,0,192,240,12,6,224,56,0,0,192,56,12,7,224,56,0,0,192,24,14,7,224,56,0,0,192,28,14,7,224,56,0,0,192,28,14,7,224,56,0,0,192,28,14,7,224,56,0,0,192,12,6,3,224,56,0,0,192,28,14,7,224,56,0,0,192,28,14,7,224,56,0,0,192,24,14,7,224,56,0,0,192,56,12,7,224,56,0,0,192,240,12,6,224,56,0,0,195,224,28,6,224,56,0,0,195,192,24,14,224,56,0,0,192,0,56,12,255,252,0,0,192,0,112,28,127,254,0,0,192,0,112,28,15,255,0,0,192,0,224,24,0,3,128,0,192,3,192,56,0,1,192,0,192,7,128,112,0,0,224,0,192,15,0,224,0,0,112,0,192,12,1,224,0,0,56,0,192,0,1,192,0,0,28,0,192,0,3,128,0,0,14,0,192,0,15,0,0,0,7,0,192,0,30,0,0,0,3,128,192,0,124,0,0,0,1,192,192,0,240,0,0,0,0,224,192,0,224,0,0,0,0,112,192,0,0,0,0,0,0,56,192,0,0,0,0,0,0,29,192,0,0,0,0,0,0,15,192,0,0,0,0,0,0,7,128,0,0,0,0,0,0,0,0,0,0,0,0,0,0,0,0,0,0,0,0,0,0,0,0,0,0,0,0,0,0,0,0,0,0,0},
  {0,0,0,0,0,0,0,0,0,0,0,0,0,0,0,0,0,0,0,0,0,0,0,0,0,0,0,0,0,0,0,0,0,0,0,7,0,0,0,0,0,0,0,15,192,0,0,0,0,0,0,29,192,0,0,0,0,0,0,56,192,0,0,0,0,0,0,112,192,0,0,0,0,0,0,224,192,0,224,0,0,0,1,192,192,0,240,0,0,0,3,128,192,0,124,0,0,0,7,0,192,0,30,0,0,0,14,0,192,0,15,0,0,0,60,0,192,0,3,128,0,0,120,0,192,0,1,192,0,0,240,0,192,12,0,192,0,1,224,0,192,15,0,224,0,3,192,0,192,7,128,112,0,7,128,0,192,3,192,56,15,255,0,0,192,0,224,56,127,254,0,0,192,0,112,28,255,252,0,0,192,0,48,28,224,56,0,0,192,0,56,14,224,56,0,0,195,192,24,14,224,56,0,0,195,224,28,6,224,56,0,0,192,240,12,6,224,56,0,0,192,56,12,7,224,56,0,0,192,24,14,7,224,56,0,0,192,28,14,7,224,56,0,0,192,28,14,7,224,56,0,0,192,28,14,7,224,56,0,0,192,12,6,3,224,56,0,0,192,28,14,7,224,56,0,0,192,28,14,7,224,56,0,0,192,24,14,7,224,56,0,0,192,56,12,7,224,56,0,0,192,240,12,6,224,56,0,0,195,224,28,6,224,56,0,0,195,192,24,14,224,56,0,0,192,0,56,12,255,252,0,0,192,0,112,28,127,254,0,0,192,0,112,28,15,255,0,0,192,0,224,24,0,3,128,0,192,3,192,56,0,1,192,0,192,7,128,112,0,0,224,0,192,15,0,224,0,0,112,0,192,12,1,224,0,0,56,0,192,0,1,192,0,0,28,0,192,0,3,128,0,0,14,0,192,0,15,0,0,0,7,0,192,0,30,0,0,0,3,128,192,0,124,0,0,0,1,192,192,0,240,0,0,0,0,224,192,0,224,0,0,0,0,112,192,0,0,0,0,0,0,56,192,0,0,0,0,0,0,29,192,0,0,0,0,0,0,15,192,0,0,0,0,0,0,7,128,0,0,0,0,0,0,0,0,0,0,0,0,0,0,0,0,0,0,0,0,0,0,0,0,0,0,0,0,0,0,0,0,0,0,0},
  {0,0,0,0,0,0,0,0,0,0,0,0,0,0,0,0,0,0,0,0,0,0,0,0,0,0,0,0,0,0,0,0,0,0,0,7,0,0,0,0,0,0,0,15,192,0,0,0,0,0,0,29,192,0,0,0,0,0,0,56,192,0,24,0,0,0,0,112,192,0,28,0,0,0,0,224,192,0,14,0,0,0,1,192,192,0,7,0,0,0,3,128,192,0,3,128,0,0,7,0,192,0,1,192,0,0,14,0,192,0,0,224,0,0,60,0,192,0,0,96,0,0,120,0,192,0,0,112,0,0,240,0,192,12,0,48,0,1,224,0,192,15,0,56,0,3,192,0,192,7,128,24,0,7,128,0,192,3,192,28,15,255,0,0,192,0,224,28,127,254,0,0,192,0,112,12,255,252,0,0,192,0,48,12,224,56,0,0,192,0,56,14,224,56,0,0,195,192,24,14,224,56,0,0,195,224,28,6,224,56,0,0,192,240,12,6,224,56,0,0,192,56,12,6,224,56,0,0,192,24,14,6,224,56,0,0,192,28,14,6,224,56,0,0,192,28,14,7,224,56,0,0,192,28,14,7,224,56,0,0,192,12,6,7,224,56,0,0,192,28,14,6,224,56,0,0,192,28,14,6,224,56,0,0,192,24,14,6,224,56,0,0,192,56,12,6,224,56,0,0,192,240,12,6,224,56,0,0,195,224,28,6,224,56,0,0,195,192,24,6,224,56,0,0,192,0,56,14,255,252,0,0,192,0,112,12,127,254,0,0,192,0,112,12,15,255,0,0,192,0,224,28,0,3,128,0,192,3,192,24,0,1,192,0,192,7,128,24,0,0,224,0,192,15,0,56,0,0,112,0,192,12,0,48,0,0,56,0,192,0,0,112,0,0,28,0,192,0,0,96,0,0,14,0,192,0,0,224,0,0,7,0,192,0,0,192,0,0,3,128,192,0,1,192,0,0,1,192,192,0,3,128,0,0,0,224,192,0,7,0,0,0,0,112,192,0,15,0,0,0,0,56,192,0,30,0,0,0,0,29,192,0,28,0,0,0,0,15,192,0,16,0,0,0,0,7,128,0,0,0,0,0,0,0,0,0,0,0,0,0,0,0,0,0,0,0,0,0,0,0,0,0,0,0,0,0,0,0,0,0,0,0},
  {0,0,0,0,0,0,0,0,0,0,0,0,0,0,0,0,0,0,0,0,0,0,0,0,0,0,0,0,0,0,0,0,0,0,0,7,0,0,0,0,0,0,0,15,192,0,0,0,0,0,0,29,192,0,0,0,0,0,0,56,192,0,0,0,0,0,0,112,192,0,0,0,0,0,0,224,192,0,96,0,0,0,1,192,192,0,112,0,0,0,3,128,192,0,60,0,0,0,7,0,192,0,30,0,0,0,14,0,192,0,7,0,0,0,60,0,192,0,3,128,0,0,120,0,192,0,1,128,0,0,240,0,192,12,1,192,0,1,224,0,192,15,0,224,0,3,192,0,192,7,128,96,0,7,128,0,192,3,192,112,15,255,0,0,192,0,224,48,127,254,0,0,192,0,112,56,255,252,0,0,192,0,48,24,224,56,0,0,192,0,56,24,224,56,0,0,195,192,24,28,224,56,0,0,195,224,28,28,224,56,0,0,192,240,12,12,224,56,0,0,192,56,12,12,224,56,0,0,192,24,14,12,224,56,0,0,192,28,14,12,224,56,0,0,192,28,14,12,224,56,0,0,192,28,14,14,224,56,0,0,192,12,6,12,224,56,0,0,192,28,14,12,224,56,0,0,192,28,14,12,224,56,0,0,192,24,14,12,224,56,0,0,192,56,12,12,224,56,0,0,192,240,12,12,224,56,0,0,195,224,28,12,224,56,0,0,195,192,24,24,224,56,0,0,192,0,56,24,255,252,0,0,192,0,112,56,127,254,0,0,192,0,112,48,15,255,0,0,192,0,224,48,0,3,128,0,192,3,192,112,0,1,192,0,192,7,128,96,0,0,224,0,192,15,0,224,0,0,112,0,192,12,1,192,0,0,56,0,192,0,1,128,0,0,28,0,192,0,3,128,0,0,14,0,192,0,7,0,0,0,7,0,192,0,14,0,0,0,3,128,192,0,28,0,0,0,1,192,192,0,120,0,0,0,0,224,192,0,112,0,0,0,0,112,192,0,96,0,0,0,0,56,192,0,0,0,0,0,0,29,192,0,0,0,0,0,0,15,192,0,0,0,0,0,0,7,128,0,0,0,0,0,0,0,0,0,0,0,0,0,0,0,0,0,0,0,0,0,0,0,0,0,0,0,0,0,0,0,0,0,0,0},
  {0,0,0,0,0,0,0,0,0,0,0,0,0,0,0,0,0,0,0,0,0,0,0,0,0,0,0,0,0,0,0,0,0,0,0,7,0,0,0,0,0,0,0,15,192,0,0,0,0,0,0,29,192,0,0,0,0,0,0,56,192,0,0,0,0,0,0,112,192,0,0,0,0,0,0,224,192,0,0,0,0,0,1,192,192,0,0,0,0,0,3,128,192,1,128,0,0,0,7,0,192,1,192,0,0,0,14,0,192,0,240,0,0,0,60,0,192,0,120,0,0,0,120,0,192,0,28,0,0,0,240,0,192,12,14,0,0,1,224,0,192,15,7,0,0,3,192,0,192,7,131,0,0,7,128,0,192,3,193,128,15,255,0,0,192,0,225,192,127,254,0,0,192,0,112,192,255,252,0,0,192,0,48,224,224,56,0,0,192,0,56,96,224,56,0,0,195,192,24,112,224,56,0,0,195,224,28,48,224,56,0,0,192,240,12,48,224,56,0,0,192,56,12,48,224,56,0,0,192,24,14,56,224,56,0,0,192,28,14,56,224,56,0,0,192,28,14,24,224,56,0,0,192,28,14,24,224,56,0,0,192,12,6,24,224,56,0,0,192,28,14,24,224,56,0,0,192,28,14,24,224,56,0,0,192,24,14,48,224,56,0,0,192,56,12,48,224,56,0,0,192,240,12,48,224,56,0,0,195,224,28,48,224,56,0,0,195,192,24,112,224,56,0,0,192,0,56,96,255,252,0,0,192,0,112,224,127,254,0,0,192,0,112,192,15,255,0,0,192,0,225,192,0,3,128,0,192,3,193,128,0,1,192,0,192,7,131,128,0,0,224,0,192,15,7,0,0,0,112,0,192,12,14,0,0,0,56,0,192,0,28,0,0,0,28,0,192,0,120,0,0,0,14,0,192,0,240,0,0,0,7,0,192,1,192,0,0,0,3,128,192,1,128,0,0,0,1,192,192,0,0,0,0,0,0,224,192,0,0,0,0,0,0,112,192,0,0,0,0,0,0,56,192,0,0,0,0,0,0,29,192,0,0,0,0,0,0,15,192,0,0,0,0,0,0,7,128,0,0,0,0,0,0,0,0,0,0,0,0,0,0,0,0,0,0,0,0,0,0,0,0,0,0,0,0,0,0,0,0,0,0,0},
  {0,0,0,0,0,0,0,0,0,0,0,0,0,0,0,0,0,0,0,0,0,0,0,0,0,0,0,0,0,0,0,0,0,0,0,7,0,0,0,0,0,0,0,15,192,0,0,0,0,0,0,29,192,0,0,0,0,0,0,56,192,0,0,0,0,0,0,112,192,0,0,0,0,0,0,224,192,0,0,0,0,0,1,192,192,0,0,0,0,0,3,128,192,0,0,0,0,0,7,0,192,2,0,0,0,0,14,0,192,3,128,0,0,0,60,0,192,1,192,0,0,0,120,0,192,0,240,0,0,0,240,0,192,12,112,0,0,1,224,0,192,15,24,0,0,3,192,0,192,7,140,0,0,7,128,0,192,3,198,0,15,255,0,0,192,0,231,0,127,254,0,0,192,0,115,0,255,252,0,0,192,0,49,128,224,56,0,0,192,0,57,128,224,56,0,0,195,192,24,192,224,56,0,0,195,224,28,192,224,56,0,0,192,240,12,192,224,56,0,0,192,56,12,224,224,56,0,0,192,24,14,96,224,56,0,0,192,28,14,96,224,56,0,0,192,28,14,96,224,56,0,0,192,28,14,96,224,56,0,0,192,12,6,96,224,56,0,0,192,28,14,96,224,56,0,0,192,28,14,96,224,56,0,0,192,24,14,96,224,56,0,0,192,56,12,96,224,56,0,0,192,240,12,192,224,56,0,0,195,224,28,192,224,56,0,0,195,192,24,192,224,56,0,0,192,0,57,128,255,252,0,0,192,0,113,128,127,254,0,0,192,0,115,0,15,255,0,0,192,0,231,0,0,3,128,0,192,3,198,0,0,1,192,0,192,7,140,0,0,0,224,0,192,15,28,0,0,0,112,0,192,12,56,0,0,0,56,0,192,0,240,0,0,0,28,0,192,1,192,0,0,0,14,0,192,3,128,0,0,0,7,0,192,2,0,0,0,0,3,128,192,0,0,0,0,0,1,192,192,0,0,0,0,0,0,224,192,0,0,0,0,0,0,112,192,0,0,0,0,0,0,56,192,0,0,0,0,0,0,29,192,0,0,0,0,0,0,15,192,0,0,0,0,0,0,7,128,0,0,0,0,0,0,0,0,0,0,0,0,0,0,0,0,0,0,0,0,0,0,0,0,0,0,0,0,0,0,0,0,0,0,0},
  {0,0,0,0,0,0,0,0,0,0,0,0,0,0,0,0,0,0,0,0,0,0,0,0,0,0,0,0,0,0,0,0,0,0,0,7,0,0,0,0,0,0,0,15,192,0,0,0,0,0,0,29,192,0,0,0,0,0,0,56,192,0,0,0,0,0,0,112,192,0,0,0,0,0,0,224,192,0,0,0,0,0,1,192,192,0,0,0,0,0,3,128,192,0,0,0,0,0,7,0,192,0,0,0,0,0,14,0,192,0,0,0,0,0,60,0,192,6,0,0,0,0,120,0,192,7,128,0,0,0,240,0,192,15,192,0,0,1,224,0,192,15,224,0,0,3,192,0,192,7,240,0,0,7,128,0,192,3,248,0,15,255,0,0,192,0,252,0,127,254,0,0,192,0,124,0,255,252,0,0,192,0,54,0,224,56,0,0,192,0,62,0,224,56,0,0,195,192,31,0,224,56,0,0,195,224,31,0,224,56,0,0,192,240,15,128,224,56,0,0,192,56,13,128,224,56,0,0,192,24,15,128,224,56,0,0,192,28,15,128,224,56,0,0,192,28,15,128,224,56,0,0,192,28,15,128,224,56,0,0,192,12,6,128,224,56,0,0,192,28,15,128,224,56,0,0,192,28,15,128,224,56,0,0,192,24,15,128,224,56,0,0,192,56,15,128,224,56,0,0,192,240,13,128,224,56,0,0,195,224,31,0,224,56,0,0,195,192,31,0,224,56,0,0,192,0,58,0,255,252,0,0,192,0,118,0,127,254,0,0,192,0,124,0,15,255,0,0,192,0,252,0,0,3,128,0,192,3,216,0,0,1,192,0,192,7,176,0,0,0,224,0,192,15,224,0,0,0,112,0,192,15,192,0,0,0,56,0,192,7,128,0,0,0,28,0,192,6,0,0,0,0,14,0,192,0,0,0,0,0,7,0,192,0,0,0,0,0,3,128,192,0,0,0,0,0,1,192,192,0,0,0,0,0,0,224,192,0,0,0,0,0,0,112,192,0,0,0,0,0,0,56,192,0,0,0,0,0,0,29,192,0,0,0,0,0,0,15,192,0,0,0,0,0,0,7,128,0,0,0,0,0,0,0,0,0,0,0,0,0,0,0,0,0,0,0,0,0,0,0,0,0,0,0,0,0,0,0,0,0,0,0},
  {0,0,0,0,0,0,0,0,0,0,0,0,0,0,0,0,0,0,0,0,0,0,0,0,0,0,0,0,0,0,0,0,0,0,0,7,0,0,0,0,0,0,0,15,192,0,0,0,0,0,0,29,192,0,0,0,0,0,0,56,192,0,0,0,0,0,0,112,192,0,0,0,0,0,0,224,192,0,0,0,0,0,1,192,192,0,0,0,0,0,3,128,192,0,0,0,0,0,7,0,192,0,0,0,0,0,14,0,192,0,0,0,0,0,60,0,192,0,0,0,0,0,120,0,192,12,0,0,0,0,240,0,192,15,0,0,0,1,224,0,192,15,128,0,0,3,192,0,192,7,192,0,0,7,128,0,192,3,224,0,15,255,0,0,192,0,240,0,127,254,0,0,192,0,120,0,255,252,0,0,192,0,56,0,224,56,0,0,192,0,60,0,224,56,0,0,195,192,28,0,224,56,0,0,195,224,30,0,224,56,0,0,192,240,14,0,224,56,0,0,192,56,14,0,224,56,0,0,192,24,14,0,224,56,0,0,192,28,15,0,224,56,0,0,192,28,15,0,224,56,0,0,192,28,15,0,224,56,0,0,192,12,7,0,224,56,0,0,192,28,15,0,224,56,0,0,192,28,14,0,224,56,0,0,192,24,14,0,224,56,0,0,192,56,14,0,224,56,0,0,192,240,14,0,224,56,0,0,195,224,30,0,224,56,0,0,195,192,28,0,224,56,0,0,192,0,60,0,255,252,0,0,192,0,120,0,127,254,0,0,192,0,120,0,15,255,0,0,192,0,240,0,0,3,128,0,192,3,224,0,0,1,192,0,192,7,192,0,0,0,224,0,192,15,128,0,0,0,112,0,192,15,0,0,0,0,56,0,192,12,0,0,0,0,28,0,192,0,0,0,0,0,14,0,192,0,0,0,0,0,7,0,192,0,0,0,0,0,3,128,192,0,0,0,0,0,1,192,192,0,0,0,0,0,0,224,192,0,0,0,0,0,0,112,192,0,0,0,0,0,0,56,192,0,0,0,0,0,0,29,192,0,0,0,0,0,0,15,192,0,0,0,0,0,0,7,128,0,0,0,0,0,0,0,0,0,0,0,0,0,0,0,0,0,0,0,0,0,0,0,0,0,0,0,0,0,0,0,0,0,0,0},
  {0,0,0,0,0,0,0,0,0,0,0,0,0,0,0,0,0,0,0,0,0,0,0,0,0,0,0,0,0,0,0,0,0,0,0,7,0,0,0,0,0,0,0,15,192,0,0,0,0,0,0,29,192,0,0,0,0,0,0,56,192,0,0,0,0,0,0,112,192,0,0,0,0,0,0,224,192,0,0,0,0,0,1,192,192,0,0,0,0,0,3,128,192,0,0,0,0,0,7,0,192,0,0,0,0,0,14,0,192,0,0,0,0,0,60,0,192,0,0,0,0,0,120,0,192,8,0,0,0,0,240,0,192,30,0,0,0,1,224,0,192,15,0,0,0,3,192,0,192,7,128,0,0,7,128,0,192,3,192,0,15,255,0,0,192,0,224,0,127,254,0,0,192,0,112,0,255,252,0,0,192,0,56,0,224,56,0,0,192,0,56,0,224,56,0,0,195,192,28,0,224,56,0,0,195,224,28,0,224,56,0,0,192,240,12,0,224,56,0,0,192,56,14,0,224,56,0,0,192,24,14,0,224,56,0,0,192,28,14,0,224,56,0,0,192,28,14,0,224,56,0,0,192,28,14,0,224,56,0,0,192,12,6,0,224,56,0,0,192,28,14,0,224,56,0,0,192,28,14,0,224,56,0,0,192,24,14,0,224,56,0,0,192,56,14,0,224,56,0,0,192,240,12,0,224,56,0,0,195,224,28,0,224,56,0,0,195,192,28,0,224,56,0,0,192,0,56,0,255,252,0,0,192,0,120,0,127,254,0,0,192,0,112,0,15,255,0,0,192,0,224,0,0,3,128,0,192,3,192,0,0,1,192,0,192,7,128,0,0,0,224,0,192,15,0,0,0,0,112,0,192,30,0,0,0,0,56,0,192,8,0,0,0,0,28,0,192,0,0,0,0,0,14,0,192,0,0,0,0,0,7,0,192,0,0,0,0,0,3,128,192,0,0,0,0,0,1,192,192,0,0,0,0,0,0,224,192,0,0,0,0,0,0,112,192,0,0,0,0,0,0,56,192,0,0,0,0,0,0,29,192,0,0,0,0,0,0,15,192,0,0,0,0,0,0,7,128,0,0,0,0,0,0,0,0,0,0,0,0,0,0,0,0,0,0,0,0,0,0,0,0,0,0,0,0,0,0,0,0,0,0,0},
  {0,0,0,0,0,0,0,0,0,0,0,0,0,0,0,0,0,0,0,0,0,0,0,0,0,0,0,0,0,0,0,0,0,0,0,7,0,0,0,0,0,0,0,15,192,0,0,0,0,0,0,29,192,0,0,0,0,0,0,56,192,0,0,0,0,0,0,112,192,0,0,0,0,0,0,224,192,0,0,0,0,0,1,192,192,0,0,0,0,0,3,128,192,0,0,0,0,0,7,0,192,0,0,0,0,0,14,0,192,0,0,0,0,0,60,0,192,0,0,0,0,0,120,0,192,0,0,0,0,0,240,0,192,12,0,0,0,1,224,0,192,15,0,0,0,3,192,0,192,7,128,0,0,7,128,0,192,3,192,0,15,255,0,0,192,0,224,0,127,254,0,0,192,0,112,0,255,252,0,0,192,0,48,0,224,56,0,0,192,0,56,0,224,56,0,0,195,192,24,0,224,56,0,0,195,224,28,0,224,56,0,0,192,240,12,0,224,56,0,0,192,56,12,0,224,56,0,0,192,24,14,0,224,56,0,0,192,28,14,0,224,56,0,0,192,28,14,0,224,56,0,0,192,28,14,0,224,56,0,0,192,12,6,0,224,56,0,0,192,28,14,0,224,56,0,0,192,28,14,0,224,56,0,0,192,24,14,0,224,56,0,0,192,56,12,0,224,56,0,0,192,240,12,0,224,56,0,0,195,224,28,0,224,56,0,0,195,192,24,0,224,56,0,0,192,0,56,0,255,252,0,0,192,0,112,0,127,254,0,0,192,0,112,0,15,255,0,0,192,0,224,0,0,3,128,0,192,3,192,0,0,1,192,0,192,7,128,0,0,0,224,0,192,15,0,0,0,0,112,0,192,12,0,0,0,0,56,0,192,0,0,0,0,0,28,0,192,0,0,0,0,0,14,0,192,0,0,0,0,0,7,0,192,0,0,0,0,0,3,128,192,0,0,0,0,0,1,192,192,0,0,0,0,0,0,224,192,0,0,0,0,0,0,112,192,0,0,0,0,0,0,56,192,0,0,0,0,0,0,29,192,0,0,0,0,0,0,15,192,0,0,0,0,0,0,7,128,0,0,0,0,0,0,0,0,0,0,0,0,0,0,0,0,0,0,0,0,0,0,0,0,0,0,0,0,0,0,0,0,0,0,0},
  {0,0,0,0,0,0,0,0,0,0,0,0,0,0,0,0,0,0,0,0,0,0,0,0,0,0,0,0,0,0,0,0,0,0,0,7,0,0,0,0,0,0,0,15,192,0,0,0,0,0,0,29,192,0,0,0,0,0,0,56,192,0,0,0,0,0,0,112,192,0,0,0,0,0,0,224,192,0,0,0,0,0,1,192,192,0,0,0,0,0,3,128,192,0,0,0,0,0,7,0,192,0,0,0,0,0,14,0,192,0,0,0,0,0,60,0,192,0,0,0,0,0,120,0,192,0,0,0,0,0,240,0,192,12,0,0,0,1,224,0,192,15,0,0,0,3,192,0,192,7,128,0,0,7,128,0,192,3,192,0,15,255,0,0,192,0,224,0,127,254,0,0,192,0,112,0,255,252,0,0,192,0,48,0,224,56,0,0,192,0,56,0,224,56,0,0,195,192,24,0,224,56,0,0,195,224,28,0,224,56,0,0,192,240,12,0,224,56,0,0,192,56,12,0,224,56,0,0,192,24,14,0,224,56,0,0,192,28,14,0,224,56,0,0,192,28,14,0,224,56,0,0,192,28,14,0,224,56,0,0,192,12,6,0,224,56,0,0,192,28,14,0,224,56,0,0,192,28,14,0,224,56,0,0,192,24,14,0,224,56,0,0,192,56,12,0,224,56,0,0,192,240,12,0,224,56,0,0,195,224,28,0,224,56,0,0,195,192,24,0,224,56,0,0,192,0,56,0,255,252,0,0,192,0,112,0,127,254,0,0,192,0,112,0,15,255,0,0,192,0,224,0,0,3,128,0,192,3,192,0,0,1,192,0,192,7,128,0,0,0,224,0,192,15,0,0,0,0,112,0,192,12,0,0,0,0,56,0,192,0,0,0,0,0,28,0,192,0,0,0,0,0,14,0,192,0,0,0,0,0,7,0,192,0,0,0,0,0,3,128,192,0,0,0,0,0,1,192,192,0,0,0,0,0,0,224,192,0,0,0,0,0,0,112,192,0,0,0,0,0,0,56,192,0,0,0,0,0,0,29,192,0,0,0,0,0,0,15,192,0,0,0,0,0,0,7,128,0,0,0,0,0,0,0,0,0,0,0,0,0,0,0,0,0,0,0,0,0,0,0,0,0,0,0,0,0,0,0,0,0,0,0},
  {0,0,0,0,0,0,0,0,0,0,0,0,0,0,0,0,0,0,0,0,0,0,0,0,0,0,0,0,0,0,0,0,0,0,0,7,0,0,0,0,0,0,0,15,192,0,0,0,0,0,0,29,192,0,0,0,0,0,0,56,192,0,0,0,0,0,0,112,192,0,0,0,0,0,0,224,192,0,0,0,0,0,1,192,192,0,0,0,0,0,3,128,192,0,0,0,0,0,7,0,192,0,0,0,0,0,14,0,192,0,0,0,0,0,60,0,192,0,0,0,0,0,120,0,192,0,0,0,0,0,240,0,192,12,0,0,0,1,224,0,192,15,0,0,0,3,192,0,192,7,128,0,0,7,128,0,192,3,192,0,15,255,0,0,192,0,224,0,127,254,0,0,192,0,112,0,255,252,0,0,192,0,48,0,224,56,0,0,192,0,56,0,224,56,0,0,195,192,24,0,224,56,0,0,195,224,28,0,224,56,0,0,192,240,12,0,224,56,0,0,192,56,12,0,224,56,0,0,192,24,14,0,224,56,0,0,192,28,14,0,224,56,0,0,192,28,14,0,224,56,0,0,192,28,14,0,224,56,0,0,192,12,6,0,224,56,0,0,192,28,14,0,224,56,0,0,192,28,14,0,224,56,0,0,192,24,14,0,224,56,0,0,192,56,12,0,224,56,0,0,192,240,12,0,224,56,0,0,195,224,28,0,224,56,0,0,195,192,24,0,224,56,0,0,192,0,56,0,255,252,0,0,192,0,112,0,127,254,0,0,192,0,112,0,15,255,0,0,192,0,224,0,0,3,128,0,192,3,192,0,0,1,192,0,192,7,128,0,0,0,224,0,192,15,0,0,0,0,112,0,192,12,0,0,0,0,56,0,192,0,0,0,0,0,28,0,192,0,0,0,0,0,14,0,192,0,0,0,0,0,7,0,192,0,0,0,0,0,3,128,192,0,0,0,0,0,1,192,192,0,0,0,0,0,0,224,192,0,0,0,0,0,0,112,192,0,0,0,0,0,0,56,192,0,0,0,0,0,0,29,192,0,0,0,0,0,0,15,192,0,0,0,0,0,0,7,128,0,0,0,0,0,0,0,0,0,0,0,0,0,0,0,0,0,0,0,0,0,0,0,0,0,0,0,0,0,0,0,0,0,0,0},
  {0,0,0,0,0,0,0,0,0,0,0,0,0,0,0,0,0,0,0,0,0,0,0,0,0,0,0,0,0,0,0,0,0,0,0,7,0,0,0,0,0,0,0,15,192,0,0,0,0,0,0,29,192,0,0,0,0,0,0,56,192,0,0,0,0,0,0,112,192,0,0,0,0,0,0,224,192,0,0,0,0,0,1,192,192,0,0,0,0,0,3,128,192,0,0,0,0,0,7,0,192,0,0,0,0,0,14,0,192,0,0,0,0,0,60,0,192,0,0,0,0,0,120,0,192,0,0,0,0,0,240,0,192,12,0,0,0,1,224,0,192,15,0,0,0,3,192,0,192,7,128,0,0,7,128,0,192,3,192,0,15,255,0,0,192,0,224,0,127,254,0,0,192,0,112,0,255,252,0,0,192,0,48,0,224,56,0,0,192,0,56,0,224,56,0,0,195,192,24,0,224,56,0,0,195,224,28,0,224,56,0,0,192,240,12,0,224,56,0,0,192,56,12,0,224,56,0,0,192,24,14,0,224,56,0,0,192,28,14,0,224,56,0,0,192,28,14,0,224,56,0,0,192,28,14,0,224,56,0,0,192,12,6,0,224,56,0,0,192,28,14,0,224,56,0,0,192,28,14,0,224,56,0,0,192,24,14,0,224,56,0,0,192,56,12,0,224,56,0,0,192,240,12,0,224,56,0,0,195,224,28,0,224,56,0,0,195,192,24,0,224,56,0,0,192,0,56,0,255,252,0,0,192,0,112,0,127,254,0,0,192,0,112,0,15,255,0,0,192,0,224,0,0,3,128,0,192,3,192,0,0,1,192,0,192,7,128,0,0,0,224,0,192,15,0,0,0,0,112,0,192,12,0,0,0,0,56,0,192,0,0,0,0,0,28,0,192,0,0,0,0,0,14,0,192,0,0,0,0,0,7,0,192,0,0,0,0,0,3,128,192,0,0,0,0,0,1,192,192,0,0,0,0,0,0,224,192,0,0,0,0,0,0,112,192,0,0,0,0,0,0,56,192,0,0,0,0,0,0,29,192,0,0,0,0,0,0,15,192,0,0,0,0,0,0,7,128,0,0,0,0,0,0,0,0,0,0,0,0,0,0,0,0,0,0,0,0,0,0,0,0,0,0,0,0,0,0,0,0,0,0,0},
  {0,0,0,0,0,0,0,0,0,0,0,0,0,0,0,0,0,0,0,0,0,0,0,0,0,0,0,0,0,0,0,0,0,0,0,7,0,0,0,0,0,0,0,15,192,0,0,0,0,0,0,29,192,0,0,0,0,0,0,56,192,0,0,0,0,0,0,112,192,0,0,0,0,0,0,224,192,0,0,0,0,0,1,192,192,0,0,0,0,0,3,128,192,0,0,0,0,0,7,0,192,0,0,0,0,0,14,0,192,0,0,0,0,0,60,0,192,0,0,0,0,0,120,0,192,0,0,0,0,0,240,0,192,12,0,0,0,1,224,0,192,15,0,0,0,3,192,0,192,7,128,0,0,7,128,0,192,3,192,0,15,255,0,0,192,0,224,0,127,254,0,0,192,0,112,0,255,252,0,0,192,0,48,0,224,56,0,0,192,0,56,0,224,56,0,0,195,192,24,0,224,56,0,0,195,224,28,0,224,56,0,0,192,240,12,0,224,56,0,0,192,56,12,0,224,56,0,0,192,24,14,0,224,56,0,0,192,28,14,0,224,56,0,0,192,28,14,0,224,56,0,0,192,28,14,0,224,56,0,0,192,12,6,0,224,56,0,0,192,28,14,0,224,56,0,0,192,28,14,0,224,56,0,0,192,24,14,0,224,56,0,0,192,56,12,0,224,56,0,0,192,240,12,0,224,56,0,0,195,224,28,0,224,56,0,0,195,192,24,0,224,56,0,0,192,0,56,0,255,252,0,0,192,0,112,0,127,254,0,0,192,0,112,0,15,255,0,0,192,0,224,0,0,3,128,0,192,3,192,0,0,1,192,0,192,7,128,0,0,0,224,0,192,15,0,0,0,0,112,0,192,12,0,0,0,0,56,0,192,0,0,0,0,0,28,0,192,0,0,0,0,0,14,0,192,0,0,0,0,0,7,0,192,0,0,0,0,0,3,128,192,0,0,0,0,0,1,192,192,0,0,0,0,0,0,224,192,0,0,0,0,0,0,112,192,0,0,0,0,0,0,56,192,0,0,0,0,0,0,29,192,0,0,0,0,0,0,15,192,0,0,0,0,0,0,7,128,0,0,0,0,0,0,0,0,0,0,0,0,0,0,0,0,0,0,0,0,0,0,0,0,0,0,0,0,0,0,0,0,0,0,0},
  {0,0,0,0,0,0,0,0,0,0,0,0,0,0,0,0,0,0,0,0,0,0,0,0,0,0,0,0,0,0,0,0,0,0,0,7,0,0,0,0,0,0,0,15,192,0,0,0,0,0,0,29,192,0,0,0,0,0,0,56,192,0,0,0,0,0,0,112,192,0,0,0,0,0,0,224,192,0,0,0,0,0,1,192,192,0,0,0,0,0,3,128,192,0,0,0,0,0,7,0,192,0,0,0,0,0,14,0,192,0,0,0,0,0,60,0,192,0,0,0,0,0,120,0,192,0,0,0,0,0,240,0,192,12,0,0,0,1,224,0,192,15,0,0,0,3,192,0,192,7,128,0,0,7,128,0,192,3,192,0,15,255,0,0,192,0,224,0,127,254,0,0,192,0,112,0,255,252,0,0,192,0,48,0,224,56,0,0,192,0,56,0,224,56,0,0,195,192,24,0,224,56,0,0,195,224,28,0,224,56,0,0,192,240,12,0,224,56,0,0,192,56,12,0,224,56,0,0,192,24,14,0,224,56,0,0,192,28,14,0,224,56,0,0,192,28,14,0,224,56,0,0,192,28,14,0,224,56,0,0,192,12,6,0,224,56,0,0,192,28,14,0,224,56,0,0,192,28,14,0,224,56,0,0,192,24,14,0,224,56,0,0,192,56,12,0,224,56,0,0,192,240,12,0,224,56,0,0,195,224,28,0,224,56,0,0,195,192,24,0,224,56,0,0,192,0,56,0,255,252,0,0,192,0,112,0,127,254,0,0,192,0,112,0,15,255,0,0,192,0,224,0,0,3,128,0,192,3,192,0,0,1,192,0,192,7,128,0,0,0,224,0,192,15,0,0,0,0,112,0,192,12,0,0,0,0,56,0,192,0,0,0,0,0,28,0,192,0,0,0,0,0,14,0,192,0,0,0,0,0,7,0,192,0,0,0,0,0,3,128,192,0,0,0,0,0,1,192,192,0,0,0,0,0,0,224,192,0,0,0,0,0,0,112,192,0,0,0,0,0,0,56,192,0,0,0,0,0,0,29,192,0,0,0,0,0,0,15,192,0,0,0,0,0,0,7,128,0,0,0,0,0,0,0,0,0,0,0,0,0,0,0,0,0,0,0,0,0,0,0,0,0,0,0,0,0,0,0,0,0,0,0},
  {0,0,0,0,0,0,0,0,0,0,0,0,0,0,0,0,0,0,0,0,0,0,0,0,0,0,0,0,0,0,0,0,0,0,0,7,0,0,0,0,0,0,0,15,192,0,0,0,0,0,0,29,192,0,0,0,0,0,0,56,192,0,0,0,0,0,0,112,192,0,0,0,0,0,0,224,192,0,0,0,0,0,1,192,192,0,0,0,0,0,3,128,192,0,0,0,0,0,7,0,192,0,0,0,0,0,14,0,192,0,0,0,0,0,60,0,192,0,0,0,0,0,120,0,192,0,0,0,0,0,240,0,192,28,0,0,0,1,224,0,192,31,0,0,0,3,192,0,192,7,128,0,0,7,128,0,192,3,192,0,15,255,0,0,192,1,224,0,127,254,0,0,192,0,240,0,255,252,0,0,192,0,120,0,224,56,0,0,192,0,56,0,224,56,0,0,195,192,24,0,224,56,0,0,195,224,28,0,224,56,0,0,192,240,28,0,224,56,0,0,192,56,12,0,224,56,0,0,192,24,14,0,224,56,0,0,192,28,14,0,224,56,0,0,192,28,14,0,224,56,0,0,192,28,14,0,224,56,0,0,192,12,14,0,224,56,0,0,192,28,14,0,224,56,0,0,192,28,14,0,224,56,0,0,192,24,14,0,224,56,0,0,192,56,12,0,224,56,0,0,192,240,28,0,224,56,0,0,195,224,28,0,224,56,0,0,195,192,24,0,224,56,0,0,192,0,56,0,255,252,0,0,192,0,112,0,127,254,0,0,192,0,112,0,15,255,0,0,192,0,224,0,0,3,128,0,192,3,192,0,0,1,192,0,192,7,128,0,0,0,224,0,192,15,0,0,0,0,112,0,192,28,0,0,0,0,56,0,192,0,0,0,0,0,28,0,192,0,0,0,0,0,14,0,192,0,0,0,0,0,7,0,192,0,0,0,0,0,3,128,192,0,0,0,0,0,1,192,192,0,0,0,0,0,0,224,192,0,0,0,0,0,0,112,192,0,0,0,0,0,0,56,192,0,0,0,0,0,0,29,192,0,0,0,0,0,0,15,192,0,0,0,0,0,0,7,128,0,0,0,0,0,0,0,0,0,0,0,0,0,0,0,0,0,0,0,0,0,0,0,0,0,0,0,0,0,0,0,0,0,0,0},
  {0,0,0,0,0,0,0,0,0,0,0,0,0,0,0,0,0,0,0,0,0,0,0,0,0,0,0,0,0,0,0,0,0,0,0,7,0,0,0,0,0,0,0,15,192,0,0,0,0,0,0,29,192,0,0,0,0,0,0,56,192,0,0,0,0,0,0,112,192,0,0,0,0,0,0,224,192,0,0,0,0,0,1,192,192,0,0,0,0,0,3,128,192,0,0,0,0,0,7,0,192,0,0,0,0,0,14,0,192,0,0,0,0,0,60,0,192,0,0,0,0,0,120,0,192,8,0,0,0,0,240,0,192,30,0,0,0,1,224,0,192,15,0,0,0,3,192,0,192,7,128,0,0,7,128,0,192,3,192,0,15,255,0,0,192,0,224,0,127,254,0,0,192,0,112,0,255,252,0,0,192,0,56,0,224,56,0,0,192,0,56,0,224,56,0,0,195,192,28,0,224,56,0,0,195,224,28,0,224,56,0,0,192,240,12,0,224,56,0,0,192,56,14,0,224,56,0,0,192,24,14,0,224,56,0,0,192,28,14,0,224,56,0,0,192,28,14,0,224,56,0,0,192,28,14,0,224,56,0,0,192,12,14,0,224,56,0,0,192,28,14,0,224,56,0,0,192,28,14,0,224,56,0,0,192,24,14,0,224,56,0,0,192,56,14,0,224,56,0,0,192,240,12,0,224,56,0,0,195,224,28,0,224,56,0,0,195,192,28,0,224,56,0,0,192,0,56,0,255,252,0,0,192,0,120,0,127,254,0,0,192,0,112,0,15,255,0,0,192,0,224,0,0,3,128,0,192,3,192,0,0,1,192,0,192,7,128,0,0,0,224,0,192,15,0,0,0,0,112,0,192,30,0,0,0,0,56,0,192,8,0,0,0,0,28,0,192,0,0,0,0,0,14,0,192,0,0,0,0,0,7,0,192,0,0,0,0,0,3,128,192,0,0,0,0,0,1,192,192,0,0,0,0,0,0,224,192,0,0,0,0,0,0,112,192,0,0,0,0,0,0,56,192,0,0,0,0,0,0,29,192,0,0,0,0,0,0,15,192,0,0,0,0,0,0,7,128,0,0,0,0,0,0,0,0,0,0,0,0,0,0,0,0,0,0,0,0,0,0,0,0,0,0,0,0,0,0,0,0,0,0,0},
  {0,0,0,0,0,0,0,0,0,0,0,0,0,0,0,0,0,0,0,0,0,0,0,0,0,0,0,0,0,0,0,0,0,0,0,7,0,0,0,0,0,0,0,15,192,0,0,0,0,0,0,29,192,0,0,0,0,0,0,56,192,0,0,0,0,0,0,112,192,0,0,0,0,0,0,224,192,0,0,0,0,0,1,192,192,0,0,0,0,0,3,128,192,0,0,0,0,0,7,0,192,0,0,0,0,0,14,0,192,0,0,0,0,0,60,0,192,0,0,0,0,0,120,0,192,12,0,0,0,0,240,0,192,15,0,0,0,1,224,0,192,15,128,0,0,3,192,0,192,7,192,0,0,7,128,0,192,3,224,0,15,255,0,0,192,0,240,0,127,254,0,0,192,0,120,0,255,252,0,0,192,0,56,0,224,56,0,0,192,0,60,0,224,56,0,0,195,192,28,0,224,56,0,0,195,224,30,0,224,56,0,0,192,240,14,0,224,56,0,0,192,56,14,0,224,56,0,0,192,24,14,0,224,56,0,0,192,28,14,0,224,56,0,0,192,28,15,0,224,56,0,0,192,28,15,0,224,56,0,0,192,12,7,0,224,56,0,0,192,28,14,0,224,56,0,0,192,28,14,0,224,56,0,0,192,24,14,0,224,56,0,0,192,56,14,0,224,56,0,0,192,240,14,0,224,56,0,0,195,224,28,0,224,56,0,0,195,192,28,0,224,56,0,0,192,0,60,0,255,252,0,0,192,0,120,0,127,254,0,0,192,0,120,0,15,255,0,0,192,0,240,0,0,3,128,0,192,3,224,0,0,1,192,0,192,7,192,0,0,0,224,0,192,15,128,0,0,0,112,0,192,15,0,0,0,0,56,0,192,12,0,0,0,0,28,0,192,0,0,0,0,0,14,0,192,0,0,0,0,0,7,0,192,0,0,0,0,0,3,128,192,0,0,0,0,0,1,192,192,0,0,0,0,0,0,224,192,0,0,0,0,0,0,112,192,0,0,0,0,0,0,56,192,0,0,0,0,0,0,29,192,0,0,0,0,0,0,15,192,0,0,0,0,0,0,7,128,0,0,0,0,0,0,0,0,0,0,0,0,0,0,0,0,0,0,0,0,0,0,0,0,0,0,0,0,0,0,0,0,0,0,0},
  {0,0,0,0,0,0,0,0,0,0,0,0,0,0,0,0,0,0,0,0,0,0,0,0,0,0,0,0,0,0,0,0,0,0,0,7,0,0,0,0,0,0,0,15,192,0,0,0,0,0,0,29,192,0,0,0,0,0,0,56,192,0,0,0,0,0,0,112,192,0,0,0,0,0,0,224,192,0,0,0,0,0,1,192,192,0,0,0,0,0,3,128,192,0,0,0,0,0,7,0,192,0,0,0,0,0,14,0,192,0,0,0,0,0,60,0,192,4,0,0,0,0,120,0,192,15,0,0,0,0,240,0,192,15,128,0,0,1,224,0,192,15,224,0,0,3,192,0,192,7,224,0,0,7,128,0,192,3,240,0,15,255,0,0,192,0,248,0,127,254,0,0,192,0,124,0,255,252,0,0,192,0,60,0,224,56,0,0,192,0,62,0,224,56,0,0,195,192,30,0,224,56,0,0,195,224,31,0,224,56,0,0,192,240,15,0,224,56,0,0,192,56,15,0,224,56,0,0,192,24,15,0,224,56,0,0,192,28,15,128,224,56,0,0,192,28,15,128,224,56,0,0,192,28,15,128,224,56,0,0,192,12,7,128,224,56,0,0,192,28,15,128,224,56,0,0,192,28,15,128,224,56,0,0,192,24,15,0,224,56,0,0,192,56,15,0,224,56,0,0,192,240,15,0,224,56,0,0,195,224,31,0,224,56,0,0,195,192,30,0,224,56,0,0,192,0,62,0,255,252,0,0,192,0,124,0,127,254,0,0,192,0,124,0,15,255,0,0,192,0,248,0,0,3,128,0,192,3,240,0,0,1,192,0,192,7,240,0,0,0,224,0,192,15,224,0,0,0,112,0,192,15,128,0,0,0,56,0,192,7,0,0,0,0,28,0,192,6,0,0,0,0,14,0,192,0,0,0,0,0,7,0,192,0,0,0,0,0,3,128,192,0,0,0,0,0,1,192,192,0,0,0,0,0,0,224,192,0,0,0,0,0,0,112,192,0,0,0,0,0,0,56,192,0,0,0,0,0,0,29,192,0,0,0,0,0,0,15,192,0,0,0,0,0,0,7,128,0,0,0,0,0,0,0,0,0,0,0,0,0,0,0,0,0,0,0,0,0,0,0,0,0,0,0,0,0,0,0,0,0,0,0},
  {0,0,0,0,0,0,0,0,0,0,0,0,0,0,0,0,0,0,0,0,0,0,0,0,0,0,0,0,0,0,0,0,0,0,0,7,0,0,0,0,0,0,0,15,192,0,0,0,0,0,0,29,192,0,0,0,0,0,0,56,192,0,0,0,0,0,0,112,192,0,0,0,0,0,0,224,192,0,0,0,0,0,1,192,192,0,0,0,0,0,3,128,192,0,0,0,0,0,7,0,192,0,0,0,0,0,14,0,192,6,0,0,0,0,60,0,192,3,128,0,0,0,120,0,192,1,192,0,0,0,240,0,192,12,240,0,0,1,224,0,192,15,48,0,0,3,192,0,192,7,152,0,0,7,128,0,192,3,204,0,15,255,0,0,192,0,230,0,127,254,0,0,192,0,114,0,255,252,0,0,192,0,51,0,224,56,0,0,192,0,57,0,224,56,0,0,195,192,25,128,224,56,0,0,195,224,29,128,224,56,0,0,192,240,12,192,224,56,0,0,192,56,12,192,224,56,0,0,192,24,14,192,224,56,0,0,192,28,14,192,224,56,0,0,192,28,14,192,224,56,0,0,192,28,14,192,224,56,0,0,192,12,6,192,224,56,0,0,192,28,14,192,224,56,0,0,192,28,14,192,224,56,0,0,192,24,14,192,224,56,0,0,192,56,12,192,224,56,0,0,192,240,12,192,224,56,0,0,195,224,29,128,224,56,0,0,195,192,25,128,224,56,0,0,192,0,57,0,255,252,0,0,192,0,115,0,127,254,0,0,192,0,114,0,15,255,0,0,192,0,230,0,0,3,128,0,192,3,204,0,0,1,192,0,192,7,152,0,0,0,224,0,192,15,56,0,0,0,112,0,192,12,240,0,0,0,56,0,192,1,192,0,0,0,28,0,192,3,128,0,0,0,14,0,192,6,0,0,0,0,7,0,192,0,0,0,0,0,3,128,192,0,0,0,0,0,1,192,192,0,0,0,0,0,0,224,192,0,0,0,0,0,0,112,192,0,0,0,0,0,0,56,192,0,0,0,0,0,0,29,192,0,0,0,0,0,0,15,192,0,0,0,0,0,0,7,128,0,0,0,0,0,0,0,0,0,0,0,0,0,0,0,0,0,0,0,0,0,0,0,0,0,0,0,0,0,0,0,0,0,0,0},
  {0,0,0,0,0,0,0,0,0,0,0,0,0,0,0,0,0,0,0,0,0,0,0,0,0,0,0,0,0,0,0,0,0,0,0,7,0,0,0,0,0,0,0,15,192,0,0,0,0,0,0,29,192,0,0,0,0,0,0,56,192,0,0,0,0,0,0,112,192,0,0,0,0,0,0,224,192,0,0,0,0,0,1,192,192,0,0,0,0,0,3,128,192,0,0,0,0,0,7,0,192,3,128,0,0,0,14,0,192,1,192,0,0,0,60,0,192,0,224,0,0,0,120,0,192,0,120,0,0,0,240,0,192,12,28,0,0,1,224,0,192,15,12,0,0,3,192,0,192,7,134,0,0,7,128,0,192,3,195,0,15,255,0,0,192,0,227,128,127,254,0,0,192,0,113,128,255,252,0,0,192,0,49,192,224,56,0,0,192,0,56,192,224,56,0,0,195,192,24,224,224,56,0,0,195,224,28,96,224,56,0,0,192,240,12,96,224,56,0,0,192,56,12,96,224,56,0,0,192,24,14,112,224,56,0,0,192,28,14,48,224,56,0,0,192,28,14,48,224,56,0,0,192,28,14,48,224,56,0,0,192,12,6,48,224,56,0,0,192,28,14,48,224,56,0,0,192,28,14,48,224,56,0,0,192,24,14,96,224,56,0,0,192,56,12,96,224,56,0,0,192,240,12,96,224,56,0,0,195,224,28,96,224,56,0,0,195,192,24,224,224,56,0,0,192,0,56,192,255,252,0,0,192,0,113,192,127,254,0,0,192,0,113,128,15,255,0,0,192,0,227,128,0,3,128,0,192,3,199,0,0,1,192,0,192,7,134,0,0,0,224,0,192,15,14,0,0,0,112,0,192,12,28,0,0,0,56,0,192,0,120,0,0,0,28,0,192,0,240,0,0,0,14,0,192,3,192,0,0,0,7,0,192,3,128,0,0,0,3,128,192,0,0,0,0,0,1,192,192,0,0,0,0,0,0,224,192,0,0,0,0,0,0,112,192,0,0,0,0,0,0,56,192,0,0,0,0,0,0,29,192,0,0,0,0,0,0,15,192,0,0,0,0,0,0,7,128,0,0,0,0,0,0,0,0,0,0,0,0,0,0,0,0,0,0,0,0,0,0,0,0,0,0,0,0,0,0,0,0,0,0,0},
  {0,0,0,0,0,0,0,0,0,0,0,0,0,0,0,0,0,0,0,0,0,0,0,0,0,0,0,0,0,0,0,0,0,0,0,7,0,0,0,0,0,0,0,15,192,0,0,0,0,0,0,29,192,0,0,0,0,0,0,56,192,0,0,0,0,0,0,112,192,0,0,0,0,0,0,224,192,0,0,0,0,0,1,192,192,0,0,0,0,0,3,128,192,1,192,0,0,0,7,0,192,1,224,0,0,0,14,0,192,0,120,0,0,0,60,0,192,0,60,0,0,0,120,0,192,0,14,0,0,0,240,0,192,12,7,0,0,1,224,0,192,15,3,0,0,3,192,0,192,7,129,128,0,7,128,0,192,3,193,192,15,255,0,0,192,0,224,192,127,254,0,0,192,0,112,96,255,252,0,0,192,0,48,96,224,56,0,0,192,0,56,112,224,56,0,0,195,192,24,48,224,56,0,0,195,224,28,56,224,56,0,0,192,240,12,24,224,56,0,0,192,56,12,24,224,56,0,0,192,24,14,24,224,56,0,0,192,28,14,24,224,56,0,0,192,28,14,24,224,56,0,0,192,28,14,28,224,56,0,0,192,12,6,28,224,56,0,0,192,28,14,24,224,56,0,0,192,28,14,24,224,56,0,0,192,24,14,24,224,56,0,0,192,56,12,24,224,56,0,0,192,240,12,24,224,56,0,0,195,224,28,56,224,56,0,0,195,192,24,48,224,56,0,0,192,0,56,48,255,252,0,0,192,0,112,96,127,254,0,0,192,0,112,96,15,255,0,0,192,0,224,192,0,3,128,0,192,3,193,192,0,1,192,0,192,7,131,128,0,0,224,0,192,15,3,128,0,0,112,0,192,12,7,0,0,0,56,0,192,0,14,0,0,0,28,0,192,0,60,0,0,0,14,0,192,0,120,0,0,0,7,0,192,1,224,0,0,0,3,128,192,1,192,0,0,0,1,192,192,0,0,0,0,0,0,224,192,0,0,0,0,0,0,112,192,0,0,0,0,0,0,56,192,0,0,0,0,0,0,29,192,0,0,0,0,0,0,15,192,0,0,0,0,0,0,7,128,0,0,0,0,0,0,0,0,0,0,0,0,0,0,0,0,0,0,0,0,0,0,0,0,0,0,0,0,0,0,0,0,0,0,0},
  {0,0,0,0,0,0,0,0,0,0,0,0,0,0,0,0,0,0,0,0,0,0,0,0,0,0,0,0,0,0,0,0,0,0,0,7,0,0,0,0,0,0,0,15,192,0,0,0,0,0,0,29,192,0,0,0,0,0,0,56,192,0,48,0,0,0,0,112,192,0,56,0,0,0,0,224,192,0,30,0,0,0,1,192,192,0,15,0,0,0,3,128,192,0,7,128,0,0,7,0,192,0,3,128,0,0,14,0,192,0,1,192,0,0,60,0,192,0,0,224,0,0,120,0,192,0,0,96,0,0,240,0,192,12,0,112,0,1,224,0,192,15,0,48,0,3,192,0,192,7,128,56,0,7,128,0,192,3,192,24,15,255,0,0,192,0,224,24,127,254,0,0,192,0,112,28,255,252,0,0,192,0,48,28,224,56,0,0,192,0,56,12,224,56,0,0,195,192,24,14,224,56,0,0,195,224,28,14,224,56,0,0,192,240,12,14,224,56,0,0,192,56,12,14,224,56,0,0,192,24,14,14,224,56,0,0,192,28,14,6,224,56,0,0,192,28,14,6,224,56,0,0,192,28,14,6,224,56,0,0,192,12,6,6,224,56,0,0,192,28,14,6,224,56,0,0,192,28,14,6,224,56,0,0,192,24,14,14,224,56,0,0,192,56,12,14,224,56,0,0,192,240,12,14,224,56,0,0,195,224,28,14,224,56,0,0,195,192,24,12,224,56,0,0,192,0,56,12,255,252,0,0,192,0,112,28,127,254,0,0,192,0,112,24,15,255,0,0,192,0,224,24,0,3,128,0,192,3,192,24,0,1,192,0,192,7,128,56,0,0,224,0,192,15,0,48,0,0,112,0,192,12,0,112,0,0,56,0,192,0,0,96,0,0,28,0,192,0,0,224,0,0,14,0,192,0,0,192,0,0,7,0,192,0,1,192,0,0,3,128,192,0,3,128,0,0,1,192,192,0,7,128,0,0,0,224,192,0,15,0,0,0,0,112,192,0,30,0,0,0,0,56,192,0,28,0,0,0,0,29,192,0,56,0,0,0,0,15,192,0,0,0,0,0,0,7,128,0,0,0,0,0,0,0,0,0,0,0,0,0,0,0,0,0,0,0,0,0,0,0,0,0,0,0,0,0,0,0,0,0,0,0},
  {0,0,0,0,0,0,0,0,0,0,0,0,0,0,0,0,0,0,0,0,0,0,0,0,0,0,0,0,0,0,0,0,0,0,0,7,0,0,0,0,0,0,0,15,192,0,0,0,0,0,0,29,192,0,0,0,0,0,0,56,192,0,0,0,0,0,0,112,192,0,0,0,0,0,0,224,192,0,224,0,0,0,1,192,192,0,240,0,0,0,3,128,192,0,124,0,0,0,7,0,192,0,30,0,0,0,14,0,192,0,15,0,0,0,60,0,192,0,3,128,0,0,120,0,192,0,1,192,0,0,240,0,192,12,0,192,0,1,224,0,192,15,0,224,0,3,192,0,192,7,128,112,0,7,128,0,192,3,192,56,15,255,0,0,192,0,224,56,127,254,0,0,192,0,112,28,255,252,0,0,192,0,48,28,224,56,0,0,192,0,56,14,224,56,0,0,195,192,24,14,224,56,0,0,195,224,28,6,224,56,0,0,192,240,12,6,224,56,0,0,192,56,12,7,224,56,0,0,192,24,14,7,224,56,0,0,192,28,14,7,224,56,0,0,192,28,14,7,224,56,0,0,192,28,14,7,224,56,0,0,192,12,6,3,224,56,0,0,192,28,14,7,224,56,0,0,192,28,14,7,224,56,0,0,192,24,14,7,224,56,0,0,192,56,12,7,224,56,0,0,192,240,12,6,224,56,0,0,195,224,28,6,224,56,0,0,195,192,24,14,224,56,0,0,192,0,56,12,255,252,0,0,192,0,112,28,127,254,0,0,192,0,112,28,15,255,0,0,192,0,224,24,0,3,128,0,192,3,192,56,0,1,192,0,192,7,128,112,0,0,224,0,192,15,0,224,0,0,112,0,192,12,1,224,0,0,56,0,192,0,1,192,0,0,28,0,192,0,3,128,0,0,14,0,192,0,15,0,0,0,7,0,192,0,30,0,0,0,3,128,192,0,124,0,0,0,1,192,192,0,240,0,0,0,0,224,192,0,224,0,0,0,0,112,192,0,0,0,0,0,0,56,192,0,0,0,0,0,0,29,192,0,0,0,0,0,0,15,192,0,0,0,0,0,0,7,128,0,0,0,0,0,0,0,0,0,0,0,0,0,0,0,0,0,0,0,0,0,0,0,0,0,0,0,0,0,0,0,0,0,0,0},
  {0,0,0,0,0,0,0,0,0,0,0,0,0,0,0,0,0,0,0,0,0,0,0,0,0,0,0,0,0,0,0,0,0,0,0,7,0,0,0,0,0,0,0,15,192,0,0,0,0,0,0,29,192,0,0,0,0,0,0,56,192,0,0,0,0,0,0,112,192,0,0,0,0,0,0,224,192,0,224,0,0,0,1,192,192,0,240,0,0,0,3,128,192,0,124,0,0,0,7,0,192,0,30,0,0,0,14,0,192,0,15,0,0,0,60,0,192,0,3,128,0,0,120,0,192,0,1,192,0,0,240,0,192,12,0,192,0,1,224,0,192,15,0,224,0,3,192,0,192,7,128,112,0,7,128,0,192,3,192,56,15,255,0,0,192,0,224,56,127,254,0,0,192,0,112,28,255,252,0,0,192,0,48,28,224,56,0,0,192,0,56,14,224,56,0,0,195,192,24,14,224,56,0,0,195,224,28,6,224,56,0,0,192,240,12,6,224,56,0,0,192,56,12,7,224,56,0,0,192,24,14,7,224,56,0,0,192,28,14,7,224,56,0,0,192,28,14,7,224,56,0,0,192,28,14,7,224,56,0,0,192,12,6,3,224,56,0,0,192,28,14,7,224,56,0,0,192,28,14,7,224,56,0,0,192,24,14,7,224,56,0,0,192,56,12,7,224,56,0,0,192,240,12,6,224,56,0,0,195,224,28,6,224,56,0,0,195,192,24,14,224,56,0,0,192,0,56,12,255,252,0,0,192,0,112,28,127,254,0,0,192,0,112,28,15,255,0,0,192,0,224,24,0,3,128,0,192,3,192,56,0,1,192,0,192,7,128,112,0,0,224,0,192,15,0,224,0,0,112,0,192,12,1,224,0,0,56,0,192,0,1,192,0,0,28,0,192,0,3,128,0,0,14,0,192,0,15,0,0,0,7,0,192,0,30,0,0,0,3,128,192,0,124,0,0,0,1,192,192,0,240,0,0,0,0,224,192,0,224,0,0,0,0,112,192,0,0,0,0,0,0,56,192,0,0,0,0,0,0,29,192,0,0,0,0,0,0,15,192,0,0,0,0,0,0,7,128,0,0,0,0,0,0,0,0,0,0,0,0,0,0,0,0,0,0,0,0,0,0,0,0,0,0,0,0,0,0,0,0,0,0,0},
  {0,0,0,0,0,0,0,0,0,0,0,0,0,0,0,0,0,0,0,0,0,0,0,0,0,0,0,0,0,0,0,0,0,0,0,7,0,0,0,0,0,0,0,15,192,0,0,0,0,0,0,29,192,0,0,0,0,0,0,56,192,0,0,0,0,0,0,112,192,0,0,0,0,0,0,224,192,0,224,0,0,0,1,192,192,0,240,0,0,0,3,128,192,0,124,0,0,0,7,0,192,0,30,0,0,0,14,0,192,0,15,0,0,0,60,0,192,0,3,128,0,0,120,0,192,0,1,192,0,0,240,0,192,12,0,192,0,1,224,0,192,15,0,224,0,3,192,0,192,7,128,112,0,7,128,0,192,3,192,56,15,255,0,0,192,0,224,56,127,254,0,0,192,0,112,28,255,252,0,0,192,0,48,28,224,56,0,0,192,0,56,14,224,56,0,0,195,192,24,14,224,56,0,0,195,224,28,6,224,56,0,0,192,240,12,6,224,56,0,0,192,56,12,7,224,56,0,0,192,24,14,7,224,56,0,0,192,28,14,7,224,56,0,0,192,28,14,7,224,56,0,0,192,28,14,7,224,56,0,0,192,12,6,3,224,56,0,0,192,28,14,7,224,56,0,0,192,28,14,7,224,56,0,0,192,24,14,7,224,56,0,0,192,56,12,7,224,56,0,0,192,240,12,6,224,56,0,0,195,224,28,6,224,56,0,0,195,192,24,14,224,56,0,0,192,0,56,12,255,252,0,0,192,0,112,28,127,254,0,0,192,0,112,28,15,255,0,0,192,0,224,24,0,3,128,0,192,3,192,56,0,1,192,0,192,7,128,112,0,0,224,0,192,15,0,224,0,0,112,0,192,12,1,224,0,0,56,0,192,0,1,192,0,0,28,0,192,0,3,128,0,0,14,0,192,0,15,0,0,0,7,0,192,0,30,0,0,0,3,128,192,0,124,0,0,0,1,192,192,0,240,0,0,0,0,224,192,0,224,0,0,0,0,112,192,0,0,0,0,0,0,56,192,0,0,0,0,0,0,29,192,0,0,0,0,0,0,15,192,0,0,0,0,0,0,7,128,0,0,0,0,0,0,0,0,0,0,0,0,0,0,0,0,0,0,0,0,0,0,0,0,0,0,0,0,0,0,0,0,0,0,0}
};

void setup() {
  display.begin(SSD1306_SWITCHCAPVCC, SCREEN_I2C_ADDR);
}

int frame = 0;
void loop() {
  display.clearDisplay();
  display.drawBitmap(32, 0, frames[frame], FRAME_WIDTH, FRAME_HEIGHT, 1);
  display.display();
  frame = (frame + 1) % FRAME_COUNT;
  delay(FRAME_DELAY);
}
